-1 -1
-1 -1
-1 -1
-1 -1
-1 -1
-1 -1
-1 -1
-1 -1
-1 -1
-1 -1
-1 -1
-1 -1
-1 -1
-1 -1
5 -1 48 -1
43 -1 41 -1
48 -1 7 -1
3 -1 43 -1
29 -1 5 -1
7 -1 3 -1
41 -1 29 -1
6 -1 35 -1
14 -1 6 -1
19 26 -1 46 -1
25 44 -1 0 -1
35 -1 26 44 -1
20 0 -1 14 19 -1
46 -1 25 20 -1
-1 -1
-1 -1
-1 -1
-1 -1
-1 -1
-1 -1
-1 -1
-1 -1
-1 -1
-1 -1
-1 -1
-1 -1
-1 -1
-1 -1
15 11 -1 10 -1
23 10 -1 27 -1
28 31 -1 22 28 -1
32 36 2 -1 11 32 21 -1
8 21 49 -1 23 36 2 -1
27 -1 49 8 -1
22 -1 15 31 -1
37 -1 37 -1
42 38 -1 9 -1
13 16 -1 39 -1
24 -1 40 -1
39 -1 24 -1
9 -1 16 38 -1
40 -1 42 13 -1
18 -1 47 -1
34 47 -1 45 -1
45 -1 12 -1
12 -1 33 -1
17 4 -1 1 17 -1
30 33 -1 4 30 -1
1 -1 18 34 -1
-1 -1
-1 -1
-1 -1
-1 -1
-1 -1
-1 -1
-1 -1
