4 59 -1
66 88 -1
78 -1
54 90 -1
5 94 -1
86 67 -1
55 36 -1
11 -1
27 -1
42 -1
51 -1
91 -1
40 -1
26 -1
-1
-1
-1
-1
-1
-1
-1
75 -1
77 -1
3 30 79 -1
37 65 -1
25 -1
16 17 -1
12 -1
18 72 45 -1
92 -1
80 -1
61 -1
21 -1
56 -1
50 53 0 63 -1
32 22 -1
44 98 -1
43 58 33 -1
9 23 -1
99 87 -1
29 34 82 -1
38 -1
47 7 -1
62 48 -1
83 52 -1
93 -1
97 2 -1
19 -1
95 -1
14 1 -1
70 6 -1
73 -1
74 -1
8 -1
24 81 57 -1
10 -1
39 -1
46 15 84 -1
49 -1
60 -1
85 35 31 76 -1
89 64 68 -1
96 20 -1
13 -1
41 -1
69 -1
28 -1
71 -1
-1
-1
