34 -1
54 -1
21 -1
66 -1
82 -1
86 -1
87 -1
0 72 -1
5 -1
11 27 42 -1
12 -1
40 -1
26 51 -1
59 91 -1
3 -1
25 -1
45 -1
6 -1
-1
-1
-1
18 -1
-1
-1
-1
-1
-1
-1
14 -1
7 -1
30 -1
16 -1
33 -1
37 -1
50 83 -1
4 75 -1
9 29 95 -1
19 -1
22 48 -1
43 78 -1
44 80 -1
53 55 58 67 -1
2 60 94 -1
10 90 -1
20 92 -1
23 36 52 84 -1
28 73 97 -1
47 76 99 -1
93 32 -1
1 70 89 -1
62 61 63 -1
24 88 -1
38 68 -1
39 -1
46 98 -1
57 81 -1
8 64 74 -1
15 17 79 -1
77 -1
31 85 -1
35 65 -1
56 -1
49 -1
13 -1
41 -1
69 -1
71 -1
96 -1
-1
-1
