6 -1
87 -1
54 -1
59 -1
51 -1
27 -1
66 -1
91 25 -1
39 -1
88 -1
3 26 40 -1
45 -1
5 37 -1
21 42 -1
30 -1
0 -1
11 -1
50 -1
-1
-1
-1
18 -1
-1
-1
-1
-1
-1
-1
86 -1
7 72 -1
43 -1
78 -1
82 -1
16 -1
12 -1
58 62 53 71 -1
92 80 -1
75 93 -1
90 95 -1
44 9 -1
4 19 -1
84 22 -1
97 73 13 -1
89 32 -1
24 55 10 -1
36 52 99 -1
29 48 94 -1
67 60 -1
47 23 28 -1
1 81 -1
33 83 -1
68 38 -1
70 61 57 -1
20 34 -1
63 14 98 -1
2 -1
56 46 -1
15 49 -1
79 -1
17 35 74 -1
77 -1
8 85 31 -1
65 -1
96 -1
76 -1
41 -1
64 -1
69 -1
-1
-1
